    Backwards derive  Central derive  Forward derive  Hour  Moving avarage 2  Moving avarage 5  Temp
0                NaN             NaN             0.5     0               NaN               NaN   4.2
1                0.5            0.55             0.6     1              4.45               NaN   4.7
2                0.6            0.35             0.1     2              5.00              5.12   5.3
3                0.1            0.35             0.6     3              5.35              5.48   5.4
4                0.6            0.30             0.0     4              5.70              5.60   6.0
5                0.0           -0.35            -0.7     5              6.00              5.64   6.0
6               -0.7           -0.25             0.2     6              5.65              5.48   5.3
7                0.2           -0.35            -0.9     7              5.40              5.10   5.5
8               -0.9           -0.70            -0.5     8              5.05              4.70   4.6
9               -0.5           -0.30            -0.1     9              4.35              4.38   4.1
10              -0.1           -0.20            -0.3    10              4.05              3.98   4.0
11              -0.3           -0.25            -0.2    11              3.85              3.68   3.7
12              -0.2           -0.30            -0.4    12              3.60              3.44   3.5
13              -0.4           -0.30            -0.2    13              3.30              3.24   3.1
14              -0.2           -0.05             0.1    14              3.00              3.08   2.9
15               0.1            0.00            -0.1    15              2.95              3.06   3.0
16              -0.1            0.20             0.5    16              2.95              3.12   2.9
17               0.5            0.25             0.0    17              3.15              3.20   3.4
18               0.0           -0.05            -0.1    18              3.40              3.34   3.4
19              -0.1            0.15             0.4    19              3.35              3.48   3.3
20               0.4            0.15            -0.1    20              3.50              3.82   3.7
21              -0.1            0.70             1.5    21              3.65              4.30   3.6
22               1.5            1.10             0.7    22              4.35              4.86   5.1
23               0.7            0.50             0.3    23              5.45               NaN   5.8
24               0.3             NaN             NaN    24              5.95               NaN   6.1